Trial number,Choice,Confidence,Gain,Orientation data (sin),Orientation data (cos),GT orientation,GT orientation (sin),GT orientation (cos),Contrast data,GT contrast,Sigma_g,Unit_1,Unit_2,Unit_3,Unit_4,Unit_5,Unit_6,Unit_7,Unit_8,Unit_9,Unit_10,Unit_11,Unit_12,Unit_13,Unit_14,Unit_15,Unit_16,Unit_17,Unit_18
1,NaN,NaN,0.25,NaN,NaN,-15,-0.258819045102521,0.965925826289068,NaN,1,NaN,-0.642006045781787,-0.624653260204904,-0.681049813329772,-0.907503665108089,-0.878871568906233,-0.878871568906233,-0.76260790554112,-0.908371304386933,-0.87193045467548,-0.87193045467548,-0.845033637031312,-0.229009749051983,-0.618579785252995,-0.811195705156391,-0.7582697091469,-0.765210823377653,-0.831151408569806,-0.825077933617897
2,NaN,NaN,0.25,NaN,NaN,-8,-0.139173100960065,0.99026806874157,NaN,1,NaN,-0.660722264511139,-0.641758148844974,-0.612960788018576,-0.903041520245462,-0.877756032690576,-0.888291652505112,-0.737983476484401,-0.897422523011043,-0.883375029924995,-0.891101151122322,-0.83772067739534,-0.0032995880841042,-0.664234137782651,-0.63473440230195,-0.686710126720327,-0.730257355287075,-0.782233079705452,-0.779423581088242
3,NaN,NaN,0.25,NaN,NaN,-4,-0.0697564737441253,0.997564050259824,NaN,1,NaN,-0.633896955598744,-0.69403103177094,-0.695165636981737,-0.890885035844075,-0.840962406569044,-0.851741156071607,-0.56695524816177,-0.897125364503454,-0.851173853466209,-0.858548787336384,-0.813731881509936,-0.0858826387841965,-0.584541628929111,-0.63786807383653,-0.564686037740178,-0.612906759199015,-0.686656097900765,-0.722396162040844
4,NaN,NaN,0.25,NaN,NaN,-3,-0.0523359562429438,0.998629534754574,NaN,1,NaN,-0.663605697302485,-0.70164482989602,-0.691552815126307,-0.894169419349011,-0.818867462990381,-0.840604110186687,-0.579764343831021,-0.894169419349011,-0.819643771818821,-0.873985389809585,-0.789367727509681,-0.0930187083994671,-0.495146681531118,-0.588303740943856,-0.56734340257599,-0.655066300189651,-0.64109274127774,-0.694658050440064
5,NaN,NaN,0.25,NaN,NaN,-1,-0.0174524064372835,0.999847695156391,NaN,1,NaN,-0.603829917512645,-0.717403899113341,-0.766078462656497,-0.892927325223508,-0.754278568464217,-0.844252761680352,-0.56990522170984,-0.885552391353333,-0.884077404579298,-0.869327536838948,-0.813278039425617,-0.0344850227351302,-0.60825487783475,-0.630379679445276,-0.577280155580015,-0.642179573637556,-0.729203793305621,-0.717403899113341
6,NaN,NaN,0.25,NaN,NaN,0,0,1,NaN,1,NaN,-0.685876056818343,-0.72367259290299,-0.649923254201239,-0.882233671111754,-0.802953132007372,-0.862874469702544,-0.500580843330194,-0.876702470709123,-0.835218467689388,-0.833374734221844,-0.805718732208688,-0.0396474764442528,-0.637017119928433,-0.527314978609579,-0.507955777200369,-0.584470716103436,-0.652688854402555,-0.696016590889834
7,NaN,NaN,0.25,NaN,NaN,1,0.0174524064372835,0.999847695156391,NaN,1,NaN,-0.624901157141717,-0.743953661045971,-0.766078462656497,-0.880916718634937,-0.800846008044465,-0.844042049284062,-0.527973454847988,-0.894613024393834,-0.874595346746216,-0.83772067739534,-0.82297080965499,-0.0854774226374835,-0.597508545623924,-0.557473190328688,-0.549044694477059,-0.619633347234449,-0.697596933862014,-0.746060785008879
8,NaN,NaN,0.25,NaN,NaN,3,0.0523359562429438,0.998629534754574,NaN,1,NaN,-0.672048055811765,-0.696016590889834,-0.763312862455181,-0.872093137040263,-0.80664059894246,-0.859187002767457,-0.539299246148613,-0.881311804377982,-0.856421402566141,-0.827843533819213,-0.826921667085441,-0.142896550626704,-0.548517913486332,-0.456331240109144,-0.536533645947298,-0.604751784246417,-0.660985655006502,-0.734734993708253
9,NaN,NaN,0.25,NaN,NaN,4,0.0697564737441253,0.997564050259824,NaN,1,NaN,-0.636279626541416,-0.695279097502816,-0.770208425623795,-0.88289741516007,-0.779058346268005,-0.848677722002458,-0.559580314291595,-0.883487409869684,-0.851037700840913,-0.835107843681335,-0.803838124071793,-0.152483964657931,-0.543060462422403,-0.514740716360931,-0.50884076926479,-0.596749980997277,-0.644539552476012,-0.689379150406676
10,NaN,NaN,0.25,NaN,NaN,8,0.139173100960065,0.99026806874157,NaN,1,NaN,-0.674227013546135,-0.685624638618223,-0.780828330396847,-0.868657088305295,-0.732556035973883,-0.833793764555377,-0.461694828378362,-0.827089279218854,-0.835805110156334,-0.798930440805458,-0.780828330396847,-0.183458686912667,-0.495217255060976,-0.533432821479156,-0.455660791575492,-0.548853137753158,-0.644056829531782,-0.672215667945178
11,NaN,NaN,0.25,NaN,NaN,15,0.258819045102521,0.965925826289068,NaN,1,NaN,-0.722605168263886,-0.647303211905256,-0.812656992362866,-0.876314316294903,-0.762973227342739,-0.853801360270158,-0.551040917178761,-0.826630551274776,-0.853801360270158,-0.825854242446337,-0.748999668430828,-0.395002842662425,-0.490488828560481,-0.46254171073666,-0.455554931280704,-0.587527432115416,-0.698539594582262,-0.628671800022709
12,NaN,NaN,0.5,NaN,NaN,-15,-0.258819045102521,0.965925826289068,NaN,1,NaN,-0.370434951503576,-0.33572938034981,-0.448522486599547,-0.90143019015618,-0.844165997752468,-0.844165997752468,-0.611638671022242,-0.903165468713869,-0.830283769290962,-0.830283769290962,-0.776490134002626,0.455557641956032,-0.323582430445993,-0.708814270252784,-0.602962278233801,-0.616844506695307,-0.748725677079614,-0.736578727175797
13,NaN,NaN,0.5,NaN,NaN,-8,-0.139173100960065,0.99026806874157,NaN,1,NaN,-0.407867388962279,-0.36993915762995,-0.312344435977155,-0.892505900430926,-0.841934925321155,-0.863006164950226,-0.562389812908804,-0.881267905962088,-0.853172919789993,-0.868625162184645,-0.761864214730682,0.90697796389179,-0.414891135505303,-0.355891664543903,-0.459843113380656,-0.546937570514152,-0.650889019350905,-0.645270022116486
14,NaN,NaN,0.5,NaN,NaN,-4,-0.0697564737441253,0.997564050259824,NaN,1,NaN,-0.354216771137489,-0.474484923481883,-0.476754133903475,-0.868192931628151,-0.768347673078089,-0.789905172083216,-0.220333356263542,-0.880673588946909,-0.78877056687242,-0.80352043461277,-0.713886622959873,0.741811862491605,-0.255506117798223,-0.362159007613062,-0.215794935420357,-0.312236378338031,-0.459735055741532,-0.531215184021691
15,NaN,NaN,0.5,NaN,NaN,-3,-0.0523359562429438,0.998629534754574,NaN,1,NaN,-0.413634254544973,-0.489712519732042,-0.469528490192615,-0.874761698638024,-0.724157785920765,-0.767631080313376,-0.245951547602045,-0.874761698638024,-0.725710403577644,-0.834393639559171,-0.665158314959364,0.727539723261064,-0.076716223002238,-0.263030341827713,-0.221109665091981,-0.396555460319304,-0.368608342495483,-0.475738960820131
16,NaN,NaN,0.5,NaN,NaN,-1,-0.0174524064372835,0.999847695156391,NaN,1,NaN,-0.294082694965293,-0.521230658166685,-0.618579785252995,-0.872277510387018,-0.594979996868435,-0.774928383300707,-0.226233303359682,-0.857527642646668,-0.854577669098598,-0.825077933617897,-0.712978938791236,0.844607094589738,-0.302932615609503,-0.347182218830553,-0.240983171100032,-0.370782007215113,-0.544830446551245,-0.521230658166685
17,NaN,NaN,0.5,NaN,NaN,0,0,1,NaN,1,NaN,-0.458174973576688,-0.533768045745982,-0.386269368342481,-0.85089020216351,-0.692329123954746,-0.812171799345091,-0.0875845466003907,-0.839827801358247,-0.756859795318778,-0.75317232838369,-0.697860324357377,0.834282187171493,-0.360457099796868,-0.14105281715916,-0.102334414340741,-0.255364292146873,-0.391800568745112,-0.478456041719669
18,NaN,NaN,0.5,NaN,NaN,1,0.0174524064372835,0.999847695156391,NaN,1,NaN,-0.336225174223436,-0.574330182031945,-0.618579785252995,-0.848256297209876,-0.688114876028932,-0.774506958508125,-0.142369769635977,-0.875648908727669,-0.835613553432433,-0.761864214730682,-0.732364479249982,0.742622294785031,-0.28143995118785,-0.201369240597377,-0.18451224889412,-0.3256895544089,-0.48161672766403,-0.578544429957759
19,NaN,NaN,0.5,NaN,NaN,3,0.0523359562429438,0.998629534754574,NaN,1,NaN,-0.430518971563531,-0.478456041719669,-0.613048584850364,-0.830609134020529,-0.699704057824921,-0.804796865474916,-0.165021352237229,-0.849046468695966,-0.799265665072285,-0.742109927578428,-0.740266194110884,0.627784038806591,-0.183458686912667,0.000914659841710111,-0.159490151834598,-0.295926428432836,-0.408394169953006,-0.555892847356507
20,NaN,NaN,0.5,NaN,NaN,4,0.0697564737441253,0.997564050259824,NaN,1,NaN,-0.358982113022833,-0.476981054945634,-0.626839711187592,-0.852217690260142,-0.644539552476012,-0.783778303944917,-0.205583488523192,-0.85339767967937,-0.788498261621829,-0.756638547302673,-0.694099108083588,0.608609210744136,-0.172543784784807,-0.115904292661863,-0.104104398469583,-0.279922821934556,-0.375501964892025,-0.465181160753354
21,NaN,NaN,0.5,NaN,NaN,8,0.139173100960065,0.99026806874157,NaN,1,NaN,-0.434876887032271,-0.457672137176449,-0.648079520733696,-0.823737036550593,-0.551534931887768,-0.754010389050756,-0.00981251669672634,-0.74060141837771,-0.758033080252669,-0.684283741550919,-0.648079520733696,0.546659766234665,-0.0768573700619542,-0.153288502898314,0.00225555690901471,-0.184129135446319,-0.374536519003566,-0.430854195830357
22,NaN,NaN,0.5,NaN,NaN,15,0.258819045102521,0.965925826289068,NaN,1,NaN,-0.531633196467774,-0.381029283750514,-0.711736844665733,-0.839051492529808,-0.61236931462548,-0.794025580480318,-0.188504694297523,-0.739683962489554,-0.794025580480318,-0.738131344832676,-0.584422196801658,0.123571454735148,-0.0674005170609641,-0.0115062814133216,0.00246727749858912,-0.261477724170834,-0.483502049104526,-0.343766459985419
23,NaN,NaN,0.75,NaN,NaN,-15,-0.258819045102521,0.965925826289068,NaN,1,NaN,-0.0988638572253643,-0.0468055004947168,-0.215995159869321,-0.895356715204271,-0.809460426598703,-0.809460426598703,-0.460669436503365,-0.897959633040804,-0.788637083906444,-0.788637083906444,-0.70794663097394,1.14012503296405,-0.0285850756389902,-0.606432835349178,-0.447654847320703,-0.468478190012962,-0.666299945589422,-0.648079520733696
24,NaN,NaN,0.75,NaN,NaN,-8,-0.139173100960065,0.99026806874157,NaN,1,NaN,-0.15501251341342,-0.0981201664149266,-0.0117280839357329,-0.881970280616391,-0.806113817951733,-0.83772067739534,-0.386796149333208,-0.865113288913133,-0.82297080965499,-0.846149173246969,-0.686007752066025,1.81725551586768,-0.165548133227956,-0.0770489267858549,-0.232976100040985,-0.363617785741229,-0.519544958996359,-0.51111646314473
25,NaN,NaN,0.75,NaN,NaN,-4,-0.0697564737441253,0.997564050259824,NaN,1,NaN,-0.0745365866762349,-0.254938815192825,-0.258342630825213,-0.845500827412228,-0.695732939587135,-0.728069188094825,0.126288535634686,-0.864221813390365,-0.726367280278631,-0.748492081889156,-0.614041364409811,1.56950636376741,0.0735293933326646,-0.0864499413895945,0.133096166899463,-0.0115659974770478,-0.2328140135823,-0.340034206002537
26,NaN,NaN,0.75,NaN,NaN,-3,-0.0523359562429438,0.998629534754574,NaN,1,NaN,-0.16366281178746,-0.277780209568063,-0.247504165258924,-0.855353977927037,-0.629448108851148,-0.694658050440064,0.0878612486269319,-0.855353977927037,-0.631777035336467,-0.794801889308758,-0.540948902409047,1.54809815492159,0.341714235526642,0.0622430572884291,0.125124072392027,-0.138044620448957,-0.096123943713225,-0.256819871200197
27,NaN,NaN,0.75,NaN,NaN,-1,-0.0174524064372835,0.999847695156391,NaN,1,NaN,0.0156645275820602,-0.325057417220028,-0.471081107849494,-0.851627695550527,-0.435681425272654,-0.705604004921061,0.117438614990476,-0.829502893940002,-0.825077933617897,-0.780828330396847,-0.612679838156855,1.72369921191461,0.00238964661574504,-0.0639847582158306,0.095313813379951,-0.0993844407926709,-0.360457099796868,-0.325057417220028
28,NaN,NaN,0.75,NaN,NaN,0,0,1,NaN,1,NaN,-0.230473890335033,-0.343863498588974,-0.122615482483722,-0.819546733215266,-0.58170511590212,-0.761469128987637,0.325411750129413,-0.802953132007372,-0.678501122948168,-0.672969922545537,-0.590001916506067,1.70821185078724,-0.0838970796653031,0.245209344291259,0.303286948518888,0.0737421318096889,-0.130912283087669,-0.260895492549505
29,NaN,NaN,0.75,NaN,NaN,1,0.0174524064372835,0.999847695156391,NaN,1,NaN,-0.0475491913051545,-0.404706703017919,-0.471081107849494,-0.815595875784815,-0.575383744013399,-0.704971867732189,0.243233915576034,-0.856684793061505,-0.796631760118651,-0.686007752066025,-0.641758148844974,1.57072201220755,0.0346286432482246,0.154734709133933,0.180020196688819,-0.031745761583351,-0.265636521466046,-0.41102807490664
30,NaN,NaN,0.75,NaN,NaN,3,0.0523359562429438,0.998629534754574,NaN,1,NaN,-0.188989887315298,-0.260895492549505,-0.462784307245547,-0.789125131000794,-0.592767516707383,-0.750406728182375,0.209256541674156,-0.81678113301395,-0.742109927578428,-0.656376321337643,-0.653610721136327,1.39846462823989,0.181600539660999,0.458160559792564,0.217553342278103,0.0128989273807446,-0.15580268489951,-0.377050701004762
31,NaN,NaN,0.75,NaN,NaN,4,0.0697564737441253,0.997564050259824,NaN,1,NaN,-0.0816845995042505,-0.258683012388452,-0.483470996751388,-0.821537965360213,-0.510020758684018,-0.718878885887376,0.148413337245211,-0.823307949489055,-0.725958822402744,-0.67816925092401,-0.584360092095383,1.3697023861462,0.197972892852788,0.282932131037205,0.300631972325625,0.0369043371281644,-0.106464377308039,-0.240983171100032
32,NaN,NaN,0.75,NaN,NaN,8,0.139173100960065,0.99026806874157,NaN,1,NaN,-0.195526760518408,-0.229719635734674,-0.515330711070545,-0.77881698479589,-0.370513827801652,-0.674227013546135,0.442069794984909,-0.654113557536566,-0.680261050349005,-0.569637042296379,-0.515330711070545,1.276778219382,0.341502514937068,0.226855815682528,0.460171905393521,0.180594866860521,-0.10501620847535,-0.189492723715537
33,NaN,NaN,0.75,NaN,NaN,15,0.258819045102521,0.965925826289068,NaN,1,NaN,-0.340661224671661,-0.114755355595772,-0.610816696968601,-0.801788668764713,-0.46176540190822,-0.734249800690478,0.174031528583714,-0.652737373704333,-0.734249800690478,-0.650408447219014,-0.419844725172488,0.642145752132721,0.355687794438553,0.439529147910017,0.460489486277883,0.0645719837737474,-0.26846450362679,-0.0588611199481299
34,NaN,NaN,1,NaN,NaN,-15,-0.258819045102521,0.965925826289068,NaN,1,NaN,0.172707237052847,0.242118379360377,0.0165321668609044,-0.889283240252362,-0.774754855444938,-0.774754855444938,-0.309700201984487,-0.892753797367739,-0.746990398521926,-0.746990398521926,-0.639403127945254,1.82469242397206,0.266412279168012,-0.504051400445571,-0.292347416407604,-0.320111873330616,-0.58387421409923,-0.559580314291595
35,NaN,NaN,1,NaN,NaN,-8,-0.139173100960065,0.99026806874157,NaN,1,NaN,0.0978423621354395,0.173698824800097,0.288888268105689,-0.871434660801855,-0.770292710582311,-0.812435189840454,-0.211202485757611,-0.848958671864179,-0.792768699519988,-0.823673184309292,-0.610151289401367,2.72753306784358,0.0837948690493918,0.201793810972193,-0.00610908670131374,-0.180298000968306,-0.388200898641812,-0.376962904172974
36,NaN,NaN,1,NaN,NaN,-4,-0.0697564737441253,0.997564050259824,NaN,1,NaN,0.20514359778502,-0.0353927069037671,-0.0399311277469518,-0.822808723196305,-0.62311820609618,-0.666233204106434,0.472910427532914,-0.847770037833821,-0.663963993684842,-0.693463729165542,-0.514196105859748,2.39720086504321,0.402564904463552,0.189259124833873,0.481987269219284,0.289104383383936,-0.00589297142306685,-0.148853227983384
37,NaN,NaN,1,NaN,NaN,-3,-0.0523359562429438,0.998629534754574,NaN,1,NaN,0.0863086309700529,-0.0658478994040852,-0.0254798403252322,-0.83594625721605,-0.534738431781531,-0.621685020566753,0.421674044855909,-0.83594625721605,-0.537843667095289,-0.755210139058344,-0.41673948985873,2.36865658658213,0.760144694055522,0.387516456404572,0.471357809876035,0.12046621942139,0.176360455069033,-0.0379007815802639
38,NaN,NaN,1,NaN,NaN,-1,-0.0174524064372835,0.999847695156391,NaN,1,NaN,0.325411750129413,-0.128884176273371,-0.323582430445993,-0.830977880714037,-0.276382853676872,-0.636279626541416,0.461110533340634,-0.801478145233337,-0.795578198137197,-0.736578727175797,-0.512380737522474,2.60279132923947,0.307711908840993,0.219212702398892,0.431610797859934,0.172013125629772,-0.176083753042491,-0.128884176273371
39,NaN,NaN,1,NaN,NaN,0,0,1,NaN,1,NaN,-0.00277280709337742,-0.153958951431966,0.141038403375036,-0.788203264267022,-0.471081107849494,-0.710766458630184,0.738408046859217,-0.766078462656497,-0.600142450577558,-0.592767516707383,-0.482143508654757,2.58214151440298,0.192662940466262,0.631471505741678,0.708908311378516,0.402848555766251,0.129976002569774,-0.0433349433793403
40,NaN,NaN,1,NaN,NaN,1,0.0174524064372835,0.999847695156391,NaN,1,NaN,0.241126791613127,-0.235083224003892,-0.323582430445993,-0.782935454359754,-0.462652611997865,-0.635436776956253,0.628837600788044,-0.83772067739534,-0.757649966804868,-0.610151289401367,-0.551151818439966,2.39882172963006,0.350697237684299,0.510838658865243,0.544552642271758,0.262198031242198,-0.0496563152680618,-0.243511719855521
41,NaN,NaN,1,NaN,NaN,3,0.0523359562429438,0.998629534754574,NaN,1,NaN,0.0525391969329356,-0.0433349433793403,-0.31252002964073,-0.747641127981059,-0.485830975589844,-0.696016590889834,0.58353443558554,-0.784515797331934,-0.684954190084571,-0.570642715096857,-0.56695524816177,2.16914521767318,0.546659766234665,0.915406459743418,0.594596836390803,0.321724283194325,0.096788800153986,-0.198208554653017
42,NaN,NaN,1,NaN,NaN,4,0.0697564737441253,0.997564050259824,NaN,1,NaN,0.195612914014332,-0.0403849698312702,-0.340102282315185,-0.790858240460285,-0.375501964892025,-0.653979467829836,0.502410163013615,-0.793218219298741,-0.66341938318366,-0.599699954545347,-0.474621076107178,2.13079556154827,0.568489570490383,0.681768554736272,0.705368343120833,0.353731496190885,0.162573210275947,-0.0167851814467101
43,NaN,NaN,1,NaN,NaN,8,0.139173100960065,0.99026806874157,NaN,1,NaN,0.0438233659954559,-0.00176713429289898,-0.382581901407393,-0.733896933041187,-0.189492723715537,-0.594443638041513,0.893952106666545,-0.567625696695422,-0.602489020445341,-0.454990343041839,-0.382581901407393,2.00689667252933,0.75986239993609,0.60700013426337,0.918088253878028,0.54531886916736,0.164504102052866,0.0518687483992833
44,NaN,NaN,1,NaN,NaN,15,0.258819045102521,0.965925826289068,NaN,1,NaN,-0.149689252875549,0.151518572558969,-0.509896549271468,-0.764525844999618,-0.311161489190961,-0.674474020900638,0.536567751464952,-0.565790784919111,-0.674474020900638,-0.562685549605353,-0.255267253543319,1.16072004953029,0.77877610593807,0.890564577233355,0.918511695057176,0.390621691718329,-0.0534269581490535,0.226044220089159
45,NaN,NaN,1.25,NaN,NaN,-15,-0.258819045102521,0.965925826289068,NaN,1,NaN,0.444278331331058,0.531042259215471,0.24905949359113,-0.883209765300454,-0.740049284291173,-0.740049284291173,-0.158730967465609,-0.887547961694674,-0.705343713137408,-0.705343713137408,-0.570859624916568,2.50925981498008,0.561409633975015,-0.401669965541964,-0.137039985494506,-0.171745556648271,-0.501448482609039,-0.471081107849494
46,NaN,NaN,1.25,NaN,NaN,-8,-0.139173100960065,0.99026806874157,NaN,1,NaN,0.350697237684299,0.445517816015121,0.58950462014711,-0.860899040987319,-0.734471603212889,-0.787149702285568,-0.035608822182014,-0.832804054815224,-0.762566589384985,-0.801197195371616,-0.534294826736709,3.63781061981947,0.333137871326739,0.480636548730241,0.220757926638357,0.00302178380461732,-0.256856838287266,-0.242809345201218
47,NaN,NaN,1.25,NaN,NaN,-4,-0.0697564737441253,0.997564050259824,NaN,1,NaN,0.484823782246274,0.184153401385291,0.17848037533131,-0.800116618980382,-0.550503472605226,-0.604397220118043,0.819532319431142,-0.831318262277276,-0.601560707091053,-0.638435376441928,-0.414350847309686,3.22489536631901,0.73160041559444,0.464968191057341,0.830878371539104,0.589774764244919,0.221028070736166,0.0423277500357701
48,NaN,NaN,1.25,NaN,NaN,-3,-0.0523359562429438,0.998629534754574,NaN,1,NaN,0.336280073727566,0.146084410759893,0.196544484608459,-0.816538536505063,-0.440028754711915,-0.548711990693442,0.755486841084885,-0.816538536505063,-0.443910298854112,-0.71561838880793,-0.292530077308414,3.18921501824266,1.1785751525844,0.712789855520714,0.817591547360044,0.378977059291737,0.44884485385129,0.18101830803967
49,NaN,NaN,1.25,NaN,NaN,-1,-0.0174524064372835,0.999847695156391,NaN,1,NaN,0.635158972676766,0.0672890646732857,-0.176083753042491,-0.810328065877547,-0.117084282081091,-0.56695524816177,0.804782451690792,-0.773453396526672,-0.766078462656497,-0.692329123954746,-0.412081636888094,3.48188344656434,0.613034171066241,0.502410163013615,0.767907782339917,0.443410692052214,0.00828959371188518,0.0672890646732857
50,NaN,NaN,1.25,NaN,NaN,0,0,1,NaN,1,NaN,0.224928276148278,0.0359455957250417,0.404692289233795,-0.756859795318778,-0.360457099796868,-0.66006378827273,1.15140434358902,-0.729203793305621,-0.521783778206948,-0.512565110869229,-0.374285100803446,3.45607117801873,0.469222960597827,1.0177336671921,1.11452967423814,0.731954979722814,0.390864288227217,0.174225605790824
51,NaN,NaN,1.25,NaN,NaN,1,0.0174524064372835,0.999847695156391,NaN,1,NaN,0.529802774531408,-0.0654597449898655,-0.176083753042491,-0.750275032934693,-0.349921479982332,-0.565901686180316,1.01444128600005,-0.818756561729176,-0.718668173491086,-0.534294826736709,-0.460545488034958,3.22692144705257,0.666765832120373,0.866942608596553,0.909085087854697,0.556141824067747,0.166323890929922,-0.0759953648044012
52,NaN,NaN,1.25,NaN,NaN,3,0.0523359562429438,0.998629534754574,NaN,1,NaN,0.294068281181169,0.174225605790824,-0.162255752035913,-0.706157124961324,-0.378894434472306,-0.641626453597293,0.957812329496925,-0.752250461649918,-0.627798452590714,-0.484909108856072,-0.480299775187213,2.93982580710647,0.911718992808331,1.37265235969427,0.971640330503503,0.630549639007906,0.349380285207482,-0.0193664083012713
53,NaN,NaN,1.25,NaN,NaN,4,0.0697564737441253,0.997564050259824,NaN,1,NaN,0.472910427532914,0.177913072725912,-0.196733567878982,-0.760178515560357,-0.240983171100032,-0.589080049772295,0.856406988782018,-0.763128489108427,-0.600879943964575,-0.521230658166685,-0.364882060118973,2.89188873695034,0.939006248127979,1.08060497843534,1.11010471391604,0.670558655253606,0.431610797859934,0.207412808206612
54,NaN,NaN,1.25,NaN,NaN,8,0.139173100960065,0.99026806874157,NaN,1,NaN,0.283173492509319,0.226185367148876,-0.249833091744242,-0.688976881286485,-0.00847161962942174,-0.514660262536892,1.34583441834818,-0.481137835854278,-0.524716990541676,-0.3403436437873,-0.249833091744242,2.73701512567666,1.17822228493511,0.987144452844212,1.37600460236253,0.9100428714742,0.434024412581082,0.293230220514104
55,NaN,NaN,1.25,NaN,NaN,15,0.258819045102521,0.965925826289068,NaN,1,NaN,0.0412827189205632,0.417792500713711,-0.408976401574336,-0.727263021234523,-0.160557576473702,-0.614698241110798,0.899103974346189,-0.478844196133889,-0.614698241110798,-0.474962651991692,-0.0906897819141487,1.67929434692787,1.20186441743759,1.34160000655669,1.37653390383647,0.716671399662911,0.161610587328683,0.510949560126449
56,NaN,NaN,1.5,NaN,NaN,-15,-0.258819045102521,0.965925826289068,NaN,1,NaN,0.715849425609269,0.819966139070564,0.481586820321356,-0.877136290348545,-0.705343713137408,-0.705343713137408,-0.00776173294673122,-0.88234212602161,-0.66369702775289,-0.66369702775289,-0.502316121887883,3.19382720598809,0.856406988782018,-0.299288530638357,0.0182674454185926,-0.0233792399659254,-0.419022751118847,-0.382581901407393
57,NaN,NaN,1.5,NaN,NaN,-8,-0.139173100960065,0.99026806874157,NaN,1,NaN,0.603552113233158,0.717336807230145,0.890120972188532,-0.850363421172783,-0.698650495843468,-0.761864214730682,0.139984841393583,-0.816649437766269,-0.732364479249982,-0.77872120643394,-0.458438364072051,4.54808817179537,0.582480873604087,0.759479286488288,0.447624939978028,0.18634156857754,-0.12551277793272,-0.108655786229462
58,NaN,NaN,1.5,NaN,NaN,-4,-0.0697564737441253,0.997564050259824,NaN,1,NaN,0.764503966707528,0.403699509674348,0.396891878409571,-0.777424514764458,-0.477888739114271,-0.542561236129652,1.16615421132937,-0.814866486720732,-0.539157420497264,-0.583407023718314,-0.314505588759624,4.05258986759481,1.06063592672533,0.740677257280809,1.17976947385892,0.890445145105902,0.447949112895399,0.233508728054924
59,NaN,NaN,1.5,NaN,NaN,-3,-0.0523359562429438,0.998629534754574,NaN,1,NaN,0.586251516485078,0.358016720923871,0.418568809542151,-0.797130815794076,-0.345319077642298,-0.475738960820131,1.08929963731386,-0.797130815794076,-0.349976930612935,-0.676026638557517,-0.168320664758097,4.00977344990319,1.59700561111328,1.03806325463686,1.16382528484405,0.637487899162084,0.721329252633548,0.399937397659603
60,NaN,NaN,1.5,NaN,NaN,-1,-0.0174524064372835,0.999847695156391,NaN,1,NaN,0.944906195224119,0.263462305619943,-0.0285850756389902,-0.789678251041057,0.0422142895146906,-0.497630869782124,1.14845437004095,-0.745428647820007,-0.736578727175797,-0.648079520733696,-0.311782536253713,4.36097556388921,0.918356433291488,0.785607623628337,1.1042047668199,0.714808258474656,0.192662940466262,0.263462305619943
61,NaN,NaN,1.5,NaN,NaN,0,0,1,NaN,1,NaN,0.452629359389933,0.22585014288205,0.668346175092554,-0.725516326370534,-0.249833091744242,-0.609361117915277,1.56440064031882,-0.692329123954746,-0.443425105836338,-0.432362705031075,-0.266426692952136,4.33000084163447,0.745782980729392,1.40399582864252,1.52015103709777,1.06106140367938,0.65175257388466,0.391786154960989
62,NaN,NaN,1.5,NaN,NaN,1,0.0174524064372835,0.999847695156391,NaN,1,NaN,0.818478757449689,0.104163734024161,-0.0285850756389902,-0.717614611509632,-0.237190347966799,-0.49636659540438,1.40004497121207,-0.799792446063011,-0.679686380177303,-0.458438364072051,-0.36993915762995,4.05502116447509,0.982834426556447,1.22304655832786,1.27361753343764,0.850085616893296,0.382304097127906,0.091520990246718
63,NaN,NaN,1.5,NaN,NaN,3,0.0523359562429438,0.998629534754574,NaN,1,NaN,0.535597365429402,0.391786154960989,-0.0119914744310963,-0.66467312194159,-0.271957893354767,-0.587236316304751,1.33209022340831,-0.719985125967903,-0.570642715096857,-0.399175502615287,-0.393644302212656,3.71050639653977,1.276778219382,1.82989825964513,1.3486838246162,0.939374994821487,0.601971770260978,0.159475738050474
64,NaN,NaN,1.5,NaN,NaN,4,0.0697564737441253,0.997564050259824,NaN,1,NaN,0.750207941051497,0.396211115283094,-0.0533648534427783,-0.729498790660428,-0.106464377308039,-0.524180631714754,1.21040381455042,-0.733038758918112,-0.538340504745491,-0.442761361788022,-0.255143044130768,3.6529819123524,1.30952292576557,1.47944140213441,1.51484108471125,0.987385814316327,0.70064838544392,0.431610797859934
65,NaN,NaN,1.5,NaN,NaN,8,0.139173100960065,0.99026806874157,NaN,1,NaN,0.522523619023183,0.454137868590651,-0.117084282081091,-0.644056829531782,0.172549484456694,-0.434876887032271,1.79771673002982,-0.394649975013134,-0.446944960638012,-0.22569694453276,-0.117084282081091,3.46713357882399,1.59658216993413,1.36728877142505,1.83392095084704,1.27476687378104,0.703544723109298,0.534591692628924
66,NaN,NaN,1.5,NaN,NaN,15,0.258819045102521,0.965925826289068,NaN,1,NaN,0.232254690716675,0.684066428868453,-0.308056253877203,-0.690000197469428,-0.00995366375644251,-0.554922461320958,1.26164019722743,-0.391897607348667,-0.554922461320958,-0.38723975437803,0.0738876897150213,2.19786864432544,1.6249527289371,1.79263543588003,1.83455611261576,1.04272110760749,0.376648132806419,0.795854900163738
67,NaN,NaN,2,NaN,NaN,-15,-0.258819045102521,0.965925826289068,NaN,1,NaN,1.25899161416569,1.39781389878075,0.946641473781807,-0.864989340444727,-0.635932570829878,-0.635932570829878,0.294176736091024,-0.87193045467548,-0.580403656983854,-0.580403656983854,-0.365229115830511,4.56296198800412,1.44640169839602,-0.0945256608311437,0.32888230724479,0.273353393398765,-0.254171288138463,-0.205583488523192
68,NaN,NaN,2,NaN,NaN,-8,-0.139173100960065,0.99026806874157,NaN,1,NaN,1.10926186433088,1.26097478966019,1.49135367627138,-0.829292181543712,-0.627008281104624,-0.711293239620911,0.491172168544776,-0.784340203668359,-0.671960258979977,-0.733769228558587,-0.306725438742735,6.36864327574715,1.08116687815878,1.31716476200438,0.901358966657371,0.552981138123386,0.137175342776373,0.15965133171405
69,NaN,NaN,2,NaN,NaN,-4,-0.0697564737441253,0.997564050259824,NaN,1,NaN,1.32386433563004,0.842791726252464,0.833714884566095,-0.732040306332612,-0.332659272132362,-0.418889268152871,1.85939799512583,-0.781962935607643,-0.414350847309686,-0.473350318271086,-0.114815071659499,5.70797887014642,1.7187069489871,1.29209538972774,1.87755167849857,1.49178590682787,0.901791197213864,0.615870684093231
70,NaN,NaN,2,NaN,NaN,-3,-0.0523359562429438,0.998629534754574,NaN,1,NaN,1.0861944020001,0.781881341251828,0.862617459409534,-0.758315374372102,-0.155899723503065,-0.329792901073509,1.75692522977182,-0.758315374372102,-0.162110194130581,-0.59684313805669,0.0800981603425371,5.65089031322425,2.43386652817104,1.68861005286914,1.85629275981207,1.15450957890278,1.26629805019806,0.83777557689947
71,NaN,NaN,2,NaN,NaN,-1,-0.0174524064372835,0.999847695156391,NaN,1,NaN,1.56440064031882,0.655808787513256,0.266412279168012,-0.748378621368077,0.360811432706253,-0.358982113022833,1.83579820674127,-0.689379150406676,-0.677579256214396,-0.559580314291595,-0.111184334984951,6.11915979853894,1.52900095774198,1.35200254485778,1.77679873577987,1.25760339131954,0.561409633975015,0.655808787513256
72,NaN,NaN,2,NaN,NaN,0,0,1,NaN,1,NaN,0.908031525873243,0.605659237196066,1.19565394681007,-0.662829388474046,-0.0285850756389902,-0.507955777200369,2.39039323377843,-0.618579785252995,-0.286707761095117,-0.271957893354767,-0.0507098772495154,6.07786016886597,1.29890302099252,2.17652015154335,2.33139376281703,1.7192742515925,1.17352914519955,0.826907253301318
73,NaN,NaN,2,NaN,NaN,1,0.0174524064372835,0.999847695156391,NaN,1,NaN,1.39583072328625,0.443410692052214,0.266412279168012,-0.65229376865951,-0.0117280839357328,-0.357296413852507,2.17125234163609,-0.761864214730682,-0.601722793549738,-0.306725438742735,-0.188726496819934,5.71122059932012,1.6149716154286,1.93525445779048,2.00268242460351,1.43797320254439,0.814264509523874,0.426553700348957
74,NaN,NaN,2,NaN,NaN,3,0.0523359562429438,0.998629534754574,NaN,1,NaN,1.01865553392587,0.826907253301318,0.288537080778538,-0.58170511590212,-0.0580848111196904,-0.478456041719669,2.08064601123108,-0.655454454603871,-0.456331240109144,-0.227708290133717,-0.220333356263542,5.25186757540636,2.00689667252933,2.74439005954683,2.1027708128416,1.55702570644865,1.10715474036797,0.517160030753965
75,NaN,NaN,2,NaN,NaN,4,0.0697564737441253,0.997564050259824,NaN,1,NaN,1.30480296808866,0.832807200397458,0.233372575429628,-0.668139340860572,0.162573210275947,-0.394381795599673,1.91839746608723,-0.672859298537484,-0.413261626307322,-0.285822769030696,-0.0356650121543582,5.17516826315654,2.05055628104076,2.27711424953254,2.32431382630166,1.62104013244177,1.23872356061189,0.880006777166578
76,NaN,NaN,2,NaN,NaN,8,0.139173100960065,0.99026806874157,NaN,1,NaN,1.00122387205091,0.9100428714742,0.148413337245211,-0.554216726022377,0.534591692628924,-0.275310136023029,2.70148135339309,-0.221674253330846,-0.291400900830683,0.0035964539763192,0.148413337245211,4.92737048511865,2.43330193993218,2.12757740858674,2.74975364781605,2.00421487839472,1.24258534416573,1.01731463685856
77,NaN,NaN,2,NaN,NaN,15,0.258819045102521,0.965925826289068,NaN,1,NaN,0.6141986343089,1.21661428517794,-0.106215958482938,-0.615474549939238,0.291254161678076,-0.435370901741278,1.9867126429899,-0.218004429778223,-0.435370901741278,-0.211793959150708,0.403042632973361,3.23501723912059,2.47112935193614,2.69470629452671,2.75060053017435,1.69482052349666,0.806723223761891,1.36566558023832
